113
10
0
11
64
011
65
0100
128
0101
66
00101
192
00111
67
00110
68
000110
129
000111
69
000101
70
000100
71
0000110
256
0000100
130
0000111
72
0000101
73
000001
-1
00100110
320
00100001
384
00100101
193
00100100
131
00100111
74
00100011
75
00100010
76
00100000
77
0000001010
448
0000001100
257
0000001011
194
0000001111
132
0000001001
133
0000001110
78
0000001101
79
0000001000
80
000000011101
512
000000011000
576
000000010011
640
000000010000
704
000000011011
321
000000010100
258
000000011100
195
000000010010
196
000000011110
134
000000010101
135
000000010001
136
000000011111
81
000000011010
82
000000011001
83
000000010111
84
000000010110
85
0000000011010
768
0000000011001
832
0000000011000
896
0000000010111
960
0000000010110
385
0000000010101
449
0000000010100
322
0000000010011
259
0000000010010
197
0000000010001
137
0000000010000
138
0000000011111
86
0000000011110
87
0000000011101
88
0000000011100
89
0000000011011
90
00000000011111
1024
00000000011110
1088
00000000011101
1152
00000000011100
1216
00000000011011
1280
00000000011010
1344
00000000011001
1408
00000000011000
1472
00000000010111
1536
00000000010110
1600
00000000010101
1664
00000000010100
1728
00000000010011
1792
00000000010010
1856
00000000010001
1920
00000000010000
1984
000000000011000
2048
000000000010111
2112
000000000010110
2176
000000000010101
2240
000000000010100
2304
000000000010011
2368
000000000010010
2432
000000000010001
2496
000000000010000
2560
000000000011111
513
000000000011110
577
000000000011101
641
000000000011100
705
000000000011011
769
000000000011010
833
000000000011001
897
0000000000010011
961
0000000000010010
1025
0000000000010001
1089
0000000000010000
1153
0000000000010100
198
0000000000011010
139
0000000000011001
140
0000000000011000
141
0000000000010111
142
0000000000010110
143
0000000000010101
144
0000000000011111
91
0000000000011110
92
0000000000011101
93
0000000000011100
94
0000000000011011
95
